0.000          15 
0.005          18 
0.010          27 
0.015          34 
0.020          25 
0.025          26 
0.030          17 
0.035          18 
0.040          19 
0.045          18 
0.050          19 
0.055          19 
0.060          18 
0.065          18 
0.070          18 
0.075          18 
0.080          19 
0.085          19 
0.090          20 
0.095          19 
0.100          18 
0.105          19 
0.110          19 
0.115          20 
0.120          21 
0.125          20 
0.130          20 
0.135          20 
0.140          19 
0.145          19 
0.150          18 
0.155          18 
0.160          17 
0.165          17 
0.170          17 
0.175          17 
0.180          16 
0.185          15 
0.190          14 
0.195          13 
0.200          14 
0.205          13 
0.210          12 
0.215          12 
0.220          12 
0.225          11 
0.230          12 
0.235          12 
0.240          11 
0.245          11 
0.250          11 
0.255          11 
0.260          11 
0.265          12 
0.270          13 
0.275          11 
0.280          11 
0.285          11 
0.290          11 
0.295          11 
0.300          11 
0.305          10 
0.310          10 
0.315          11 
0.320          11 
0.325          11 
0.330          10 
0.335          10 
0.340          11 
0.345          10 
0.350          10 
0.355          11 
0.360          10 
0.365          11 
0.370          11 
0.375          11 
0.380          10 
0.385          11 
0.390          11 
0.395          11 
0.400          11 
0.405          11 
0.410          11 
0.415          11 
0.420          12 
0.425          12 
0.430          11 
0.435          11 
0.440          10 
0.445          10 
0.450          11 
0.455          12 
0.460          12 
0.465          12 
0.470          12 
0.475          12 
0.480          12 
0.485          12 
0.490          13 
0.495          11 
0.500          12 
0.505          13 
0.510          13 
0.515          13 
0.520          14 
0.525          13 
0.530          14 
0.535          13 
0.540          13 
0.545          13 
0.550          13 
0.555          13 
0.560          12 
0.565          12 
0.570          13 
0.575          13 
0.580          13 
0.585          15 
0.590          14 
0.595          13 
0.600          15 
0.605          15 
0.610          16 
0.615          17 
0.620          17 
0.625          18 
0.630          17 
0.635          18 
0.640          19 
0.645          19 
0.650          20 
0.655          19 
0.660          17 
0.665          18 
0.670          18 
0.675          17 
0.680          17 
0.685          17 
0.690          18 
0.695          18 
0.700          17 
0.705          19 
0.710          19 
0.715          19 
0.720          19 
0.725          19 
0.730          20 
0.735          22 
0.740          22 
0.745          24 
0.750          23 
0.755          24 
0.760          25 
0.765          25 
0.770          26 
0.775          27 
0.780          26 
0.785          26 
0.790          26 
0.795          26 
0.800          26 
0.805          27 
0.810          27 
0.815          27 
0.820          27 
0.825          28 
0.830          28 
0.835          28 
0.840          29 
0.845          29 
0.850          30 
0.855          31 
0.860          32 
0.865          33 
0.870          34 
0.875          35 
0.880          35 
0.885          35 
0.890          36 
0.895          37 
0.900          36 
0.905          37 
0.910          37 
0.915          38 
0.920          38 
0.925          39 
0.930          39 
0.935          39 
0.940          38 
0.945          38 
0.950          38 
0.955          38 
0.960          40 
0.965          40 
0.970          41 
0.975          42 
0.980          42 
0.985          44 
0.990          44 
0.995          43 
1.000          43 
1.005          45 
1.010          46 
1.015          48 
1.020          48 
1.025          48 
1.030          49 
1.035          49 
1.040          48 
1.045          49 
1.050          49 
1.055          49 
1.060          49 
1.065          50 
1.070          51 
1.075          52 
1.080          52 
1.085          51 
1.090          51 
1.095          53 
1.100          54 
1.105          54 
1.110          54 
1.115          55 
1.120          56 
1.125          56 
1.130          57 
1.135          57 
1.140          57 
1.145          57 
1.150          58 
1.155          58 
1.160          59 
1.165          60 
1.170          61 
1.175          61 
1.180          63 
1.185          63 
1.190          64 
1.195          63 
1.200          63 
1.205          64 
1.210          66 
1.215          67 
1.220          67 
1.225          68 
1.230          68 
1.235          70 
1.240          69 
1.245          70 
1.250          71 
1.255          71 
1.260          71 
1.265          72 
1.270          75 
1.275          76 
1.280          77 
1.285          77 
1.290          77 
1.295          77 
1.300          77 
1.305          79 
1.310          79 
1.315          80 
1.320          80 
1.325          81 
1.330          81 
1.335          82 
1.340          82 
1.345          82 
1.350          84 
1.355          85 
1.360          84 
1.365          85 
1.370          86 
1.375          86 
1.380          87 
1.385          87 
1.390          88 
1.395          89 
1.400          91 
1.405          91 
1.410          92 
1.415          92 
1.420          92 
1.425          93 
1.430          93 
1.435          94 
1.440          95 
1.445          96 
1.450          97 
1.455          97 
1.460          97 
1.465          97 
1.470          97 
1.475          97 
1.480          97 
1.485          98 
1.490          99 
1.495          100 
1.500          100 
1.505          101 
1.510          103 
1.515          104 
1.520          104 
1.525          104 
1.530          106 
1.535          107 
1.540          107 
1.545          108 
1.550          109 
1.555          111 
1.560          111 
1.565          111 
1.570          112 
1.575          113 
1.580          113 
1.585          114 
1.590          115 
1.595          115 
1.600          117 
1.605          117 
1.610          118 
1.615          120 
1.620          121 
1.625          122 
1.630          123 
1.635          123 
1.640          124 
1.645          125 
1.650          126 
1.655          126 
1.660          126 
1.665          126 
1.670          126 
1.675          127 
1.680          127 
1.685          127 
1.690          126 
1.695          127 
1.700          128 
1.705          128 
1.710          129 
1.715          129 
1.720          130 
1.725          130 
1.730          131 
1.735          133 
1.740          134 
1.745          135 
1.750          136 
1.755          136 
1.760          138 
1.765          139 
1.770          140 
1.775          140 
1.780          141 
1.785          141 
1.790          142 
1.795          142 
1.800          142 
1.805          144 
1.810          143 
1.815          144 
1.820          145 
1.825          146 
1.830          147 
1.835          146 
1.840          147 
1.845          148 
1.850          149 
1.855          150 
1.860          151 
1.865          152 
1.870          153 
1.875          153 
1.880          154 
1.885          156 
1.890          157 
1.895          157 
1.900          158 
1.905          159 
1.910          160 
1.915          161 
1.920          162 
1.925          162 
1.930          163 
1.935          164 
1.940          164 
1.945          165 
1.950          166 
1.955          166 
1.960          166 
1.965          167 
1.970          167 
1.975          167 
1.980          167 
1.985          168 
1.990          168 
1.995          168 
2.000          169 
2.005          170 
2.010          170 
2.015          170 
2.020          171 
2.025          170 
2.030          170 
2.035          171 
2.040          170 
2.045          172 
2.050          172 
2.055          173 
2.060          174 
2.065          174 
2.070          175 
2.075          176 
2.080          176 
2.085          176 
2.090          177 
2.095          177 
2.100          180 
2.105          181 
2.110          182 
2.115          183 
2.120          183 
2.125          184 
2.130          184 
2.135          184 
2.140          185 
2.145          186 
2.150          186 
2.155          186 
2.160          188 
2.165          187 
2.170          188 
2.175          188 
2.180          187 
2.185          187 
2.190          187 
2.195          187 
2.200          186 
2.205          185 
2.210          186 
2.215          185 
2.220          185 
2.225          186 
2.230          186 
2.235          186 
2.240          187 
2.245          188 
2.250          187 
2.255          189 
2.260          189 
2.265          190 
2.270          190 
2.275          191 
2.280          192 
2.285          192 
2.290          193 
2.295          193 
2.300          193 
2.305          194 
2.310          195 
2.315          194 
2.320          194 
2.325          194 
2.330          195 
2.335          195 
2.340          194 
2.345          196 
2.350          195 
2.355          195 
2.360          195 
2.365          195 
2.370          194 
2.375          193 
2.380          193 
2.385          192 
2.390          194 
2.395          194 
2.400          195 
2.405          195 
2.410          195 
2.415          195 
2.420          194 
2.425          195 
2.430          196 
2.435          196 
2.440          195 
2.445          196 
2.450          196 
2.455          197 
2.460          197 
2.465          196 
2.470          196 
2.475          196 
2.480          195 
2.485          195 
2.490          196 
2.495          195 
2.500          195 
2.505          195 
2.510          195 
2.515          196 
2.520          195 
2.525          195 
2.530          195 
2.535          195 
2.540          194 
2.545          194 
2.550          193 
2.555          193 
2.560          192 
2.565          192 
2.570          193 
2.575          193 
2.580          193 
2.585          193 
2.590          193 
2.595          193 
2.600          193 
2.605          193 
2.610          192 
2.615          193 
2.620          194 
2.625          194 
2.630          194 
2.635          194 
2.640          194 
2.645          193 
2.650          192 
2.655          191 
2.660          191 
2.665          190 
2.670          189 
2.675          189 
2.680          188 
2.685          188 
2.690          187 
2.695          188 
2.700          187 
2.705          187 
2.710          187 
2.715          186 
2.720          186 
2.725          185 
2.730          186 
2.735          185 
2.740          185 
2.745          185 
2.750          185 
2.755          185 
2.760          184 
2.765          183 
2.770          182 
2.775          182 
2.780          182 
2.785          182 
2.790          183 
2.795          181 
2.800          181 
2.805          180 
2.810          180 
2.815          180 
2.820          180 
2.825          179 
2.830          178 
2.835          177 
2.840          178 
2.845          178 
2.850          177 
2.855          177 
2.860          177 
2.865          175 
2.870          176 
2.875          174 
2.880          174 
2.885          174 
2.890          174 
2.895          173 
2.900          173 
2.905          173 
2.910          171 
2.915          170 
2.920          169 
2.925          169 
2.930          168 
2.935          167 
2.940          166 
2.945          165 
2.950          166 
2.955          165 
2.960          165 
2.965          164 
2.970          163 
2.975          163 
2.980          162 
2.985          162 
2.990          160 
2.995          159 
3.000          157 
3.005          157 
3.010          156 
3.015          157 
3.020          155 
3.025          154 
3.030          152 
3.035          151 
3.040          150 
3.045          149 
3.050          147 
3.055          147 
3.060          147 
3.065          148 
3.070          147 
3.075          147 
3.080          145 
3.085          144 
3.090          144 
3.095          143 
3.100          142 
3.105          141 
3.110          141 
3.115          139 
3.120          140 
3.125          139 
3.130          137 
3.135          136 
3.140          134 
3.145          133 
3.150          132 
3.155          132 
3.160          129 
3.165          128 
3.170          127 
3.175          126 
3.180          125 
3.185          123 
3.190          122 
3.195          120 
3.200          119 
3.205          117 
3.210          116 
3.215          115 
3.220          113 
3.225          113 
3.230          112 
3.235          113 
3.240          112 
3.245          111 
3.250          111 
3.255          110 
3.260          109 
3.265          109 
3.270          108 
3.275          107 
3.280          107 
3.285          106 
3.290          105 
3.295          105 
3.300          104 
3.305          102 
3.310          101 
3.315          99 
3.320          98 
3.325          97 
3.330          97 
3.335          95 
3.340          94 
3.345          94 
3.350          93 
3.355          92 
3.360          91 
3.365          90 
3.370          89 
3.375          88 
3.380          88 
3.385          86 
3.390          86 
3.395          84 
3.400          83 
3.405          82 
3.410          81 
3.415          80 
3.420          77 
3.425          76 
3.430          75 
3.435          75 
3.440          73 
3.445          72 
3.450          72 
3.455          71 
3.460          71 
3.465          69 
3.470          69 
3.475          68 
3.480          67 
3.485          67 
3.490          67 
3.495          66 
3.500          65 
3.505          64 
3.510          63 
3.515          62 
3.520          61 
3.525          60 
3.530          59 
3.535          58 
3.540          57 
3.545          56 
3.550          54 
3.555          53 
3.560          52 
3.565          52 
3.570          52 
3.575          51 
3.580          50 
3.585          48 
3.590          48 
3.595          47 
3.600          46 
3.605          45 
3.610          44 
3.615          43 
3.620          42 
3.625          42 
3.630          41 
3.635          40 
3.640          39 
3.645          38 
3.650          38 
3.655          38 
3.660          37 
3.665          37 
3.670          37 
3.675          35 
3.680          35 
3.685          36 
3.690          35 
3.695          34 
3.700          35 
3.705          35 
3.710          34 
3.715          33 
3.720          33 
3.725          33 
3.730          33 
3.735          33 
3.740          32 
3.745          32 
3.750          32 
3.755          31 
3.760          31 
3.765          31 
3.770          31 
3.775          30 
3.780          30 
3.785          30 
3.790          30 
3.795          29 
3.800          28 
3.805          28 
3.810          27 
3.815          27 
3.820          26 
3.825          25 
3.830          25 
3.835          24 
3.840          24 
3.845          25 
3.850          25 
3.855          24 
3.860          24 
3.865          23 
3.870          23 
3.875          23 
3.880          22 
3.885          22 
3.890          23 
3.895          23 
3.900          25 
3.905          26 
3.910          26 
3.915          26 
3.920          26 
3.925          27 
3.930          26 
3.935          27 
3.940          27 
3.945          27 
3.950          27 
3.955          28 
3.960          28 
3.965          28 
3.970          29 
3.975          29 
3.980          29 
3.985          30 
3.990          30 
3.995          30 
4.000          30 
4.005          31 
4.010          31 
4.015          32 
4.020          32 
4.025          33 
4.030          34 
4.035          35 
4.040          36 
4.045          36 
4.050          37 
4.055          37 
4.060          38 
4.065          38 
4.070          39 
4.075          40 
4.080          41 
4.085          42 
4.090          42 
4.095          43 
4.100          45 
4.105          45 
4.110          46 
4.115          47 
4.120          47 
4.125          48 
4.130          49 
4.135          51 
4.140          53 
4.145          55 
4.150          55 
4.155          56 
4.160          58 
4.165          60 
4.170          61 
4.175          61 
4.180          62 
4.185          62 
4.190          63 
4.195          66 
4.200          67 
4.205          70 
4.210          70 
4.215          72 
4.220          73 
4.225          74 
4.230          74 
4.235          75 
4.240          76 
4.245          78 
4.250          80 
4.255          81 
4.260          84 
4.265          85 
4.270          86 
4.275          87 
4.280          88 
4.285          90 
4.290          92 
4.295          94 
4.300          96 
4.305          98 
4.310          101 
4.315          103 
4.320          105 
4.325          108 
4.330          111 
4.335          113 
4.340          115 
4.345          119 
4.350          120 
4.355          122 
4.360          123 
4.365          125 
4.370          127 
4.375          128 
4.380          130 
4.385          131 
4.390          133 
4.395          135 
4.400          136 
4.405          137 
4.410          139 
4.415          141 
4.420          143 
4.425          145 
4.430          147 
4.435          150 
4.440          151 
4.445          153 
4.450          156 
4.455          158 
4.460          161 
4.465          164 
4.470          165 
4.475          169 
4.480          172 
4.485          174 
4.490          177 
4.495          179 
4.500          182 
4.505          186 
4.510          188 
4.515          192 
4.520          195 
4.525          196 
4.530          199 
4.535          201 
4.540          205 
4.545          209 
4.550          211 
4.555          214 
4.560          216 
4.565          218 
4.570          220 
4.575          223 
4.580          225 
4.585          228 
4.590          229 
4.595          232 
4.600          235 
4.605          240 
4.610          243 
4.615          245 
4.620          248 
4.625          251 
4.630          254 
4.635          258 
4.640          262 
4.645          266 
4.650          269 
4.655          273 
4.660          277 
4.665          282 
4.670          286 
4.675          290 
4.680          293 
4.685          297 
4.690          300 
4.695          303 
4.700          307 
4.705          310 
4.710          313 
4.715          317 
4.720          321 
4.725          324 
4.730          329 
4.735          333 
4.740          337 
4.745          340 
4.750          344 
4.755          348 
4.760          351 
4.765          356 
4.770          360 
4.775          364 
4.780          368 
4.785          373 
4.790          378 
4.795          382 
4.800          386 
4.805          389 
4.810          393 
4.815          397 
4.820          401 
4.825          406 
4.830          410 
4.835          414 
4.840          419 
4.845          424 
4.850          429 
4.855          435 
4.860          440 
4.865          443 
4.870          448 
4.875          453 
4.880          458 
4.885          463 
4.890          468 
4.895          473 
4.900          477 
4.905          482 
4.910          487 
4.915          492 
4.920          497 
4.925          501 
4.930          505 
4.935          510 
4.940          515 
4.945          519 
4.950          524 
4.955          529 
4.960          535 
4.965          539 
4.970          545 
4.975          551 
4.980          556 
4.985          563 
4.990          568 
4.995          573 
5.000          578 
5.005          584 
5.010          589 
5.015          596 
5.020          601 
5.025          607 
5.030          613 
5.035          617 
5.040          622 
5.045          626 
5.050          631 
5.055          637 
5.060          642 
5.065          647 
5.070          653 
5.075          658 
5.080          664 
5.085          670 
5.090          674 
5.095          679 
5.100          684 
5.105          690 
5.110          696 
5.115          702 
5.120          708 
5.125          715 
5.130          721 
5.135          726 
5.140          732 
5.145          737 
5.150          744 
5.155          750 
5.160          754 
5.165          760 
5.170          767 
5.175          774 
5.180          778 
5.185          783 
5.190          789 
5.195          794 
5.200          799 
5.205          805 
5.210          810 
5.215          816 
5.220          820 
5.225          826 
5.230          833 
5.235          839 
5.240          845 
5.245          851 
5.250          857 
5.255          864 
5.260          870 
5.265          877 
5.270          884 
5.275          892 
5.280          899 
5.285          905 
5.290          911 
5.295          919 
5.300          926 
5.305          932 
5.310          939 
5.315          946 
5.320          953 
5.325          959 
5.330          967 
5.335          974 
5.340          981 
5.345          986 
5.350          992 
5.355          998 
5.360          1004 
5.365          1010 
5.370          1016 
5.375          1022 
5.380          1028 
5.385          1034 
5.390          1041 
5.395          1048 
5.400          1054 
5.405          1061 
5.410          1067 
5.415          1074 
5.420          1082 
5.425          1089 
5.430          1096 
5.435          1102 
5.440          1110 
5.445          1117 
5.450          1124 
5.455          1130 
5.460          1137 
5.465          1144 
5.470          1150 
5.475          1157 
5.480          1164 
5.485          1171 
5.490          1177 
5.495          1183 
5.500          1189 
5.505          1197 
5.510          1204 
5.515          1212 
5.520          1218 
5.525          1225 
5.530          1233 
5.535          1240 
5.540          1247 
5.545          1254 
5.550          1261 
5.555          1268 
5.560          1275 
5.565          1284 
5.570          1291 
5.575          1298 
5.580          1305 
5.585          1312 
5.590          1321 
5.595          1329 
5.600          1337 
5.605          1344 
5.610          1353 
5.615          1361 
5.620          1368 
5.625          1375 
5.630          1382 
5.635          1390 
5.640          1396 
5.645          1405 
5.650          1412 
5.655          1419 
5.660          1427 
5.665          1434 
5.670          1441 
5.675          1448 
5.680          1455 
5.685          1463 
5.690          1471 
5.695          1479 
5.700          1486 
5.705          1493 
5.710          1501 
5.715          1509 
5.720          1516 
5.725          1524 
5.730          1532 
5.735          1540 
5.740          1547 
5.745          1554 
5.750          1562 
5.755          1569 
5.760          1576 
5.765          1582 
5.770          1589 
5.775          1597 
5.780          1605 
5.785          1612 
5.790          1619 
5.795          1625 
5.800          1632 
5.805          1640 
5.810          1646 
5.815          1653 
5.820          1660 
5.825          1667 
5.830          1674 
5.835          1681 
5.840          1690 
5.845          1697 
5.850          1704 
5.855          1711 
5.860          1718 
5.865          1725 
5.870          1732 
5.875          1739 
5.880          1746 
5.885          1754 
5.890          1760 
5.895          1766 
5.900          1774 
5.905          1781 
5.910          1788 
5.915          1794 
5.920          1803 
5.925          1811 
5.930          1819 
5.935          1826 
5.940          1833 
5.945          1842 
5.950          1850 
5.955          1858 
5.960          1865 
5.965          1873 
5.970          1882 
5.975          1890 
5.980          1898 
5.985          1904 
5.990          1913 
5.995          1919 
6.000          1926 
6.005          1934 
6.010          1943 
6.015          1951 
6.020          1959 
6.025          1966 
6.030          1974 
6.035          1982 
6.040          1991 
6.045          1998 
6.050          2005 
6.055          2013 
6.060          2020 
6.065          2028 
6.070          2036 
6.075          2043 
6.080          2050 
6.085          2057 
6.090          2064 
6.095          2071 
6.100          2079 
6.105          2086 
6.110          2092 
6.115          2100 
6.120          2107 
6.125          2115 
6.130          2121 
6.135          2128 
6.140          2135 
6.145          2142 
6.150          2150 
6.155          2157 
6.160          2165 
6.165          2172 
6.170          2180 
6.175          2188 
6.180          2194 
6.185          2202 
6.190          2209 
6.195          2216 
6.200          2223 
6.205          2229 
6.210          2236 
6.215          2245 
6.220          2251 
6.225          2257 
6.230          2263 
6.235          2269 
6.240          2274 
6.245          2281 
6.250          2287 
6.255          2294 
6.260          2300 
6.265          2305 
6.270          2312 
6.275          2319 
6.280          2325 
6.285          2332 
6.290          2338 
6.295          2346 
6.300          2352 
6.305          2359 
6.310          2366 
6.315          2373 
6.320          2380 
6.325          2385 
6.330          2392 
6.335          2399 
6.340          2407 
6.345          2413 
6.350          2420 
6.355          2427 
6.360          2433 
6.365          2441 
6.370          2446 
6.375          2452 
6.380          2458 
6.385          2464 
6.390          2471 
6.395          2476 
6.400          2482 
6.405          2487 
6.410          2493 
6.415          2498 
6.420          2504 
6.425          2511 
6.430          2516 
6.435          2522 
6.440          2527 
6.445          2533 
6.450          2540 
6.455          2545 
6.460          2550 
6.465          2556 
6.470          2562 
6.475          2566 
6.480          2572 
6.485          2576 
6.490          2583 
6.495          2588 
6.500          2593 
6.505          2598 
6.510          2605 
6.515          2609 
6.520          2614 
6.525          2619 
6.530          2625 
6.535          2631 
6.540          2636 
6.545          2641 
6.550          2646 
6.555          2652 
6.560          2658 
6.565          2663 
6.570          2667 
6.575          2673 
6.580          2678 
6.585          2681 
6.590          2687 
6.595          2693 
6.600          2699 
6.605          2703 
6.610          2708 
6.615          2714 
6.620          2719 
6.625          2725 
6.630          2729 
6.635          2734 
6.640          2739 
6.645          2744 
6.650          2749 
6.655          2754 
6.660          2759 
6.665          2763 
6.670          2767 
6.675          2772 
6.680          2776 
6.685          2780 
6.690          2785 
6.695          2790 
6.700          2795 
6.705          2800 
6.710          2805 
6.715          2810 
6.720          2814 
6.725          2818 
6.730          2823 
6.735          2828 
6.740          2834 
6.745          2838 
6.750          2843 
6.755          2848 
6.760          2853 
6.765          2856 
6.770          2860 
6.775          2864 
6.780          2869 
6.785          2873 
6.790          2878 
6.795          2882 
6.800          2887 
6.805          2891 
6.810          2895 
6.815          2900 
6.820          2904 
6.825          2907 
6.830          2912 
6.835          2917 
6.840          2922 
6.845          2926 
6.850          2931 
6.855          2935 
6.860          2939 
6.865          2942 
6.870          2946 
6.875          2951 
6.880          2955 
6.885          2959 
6.890          2963 
6.895          2967 
6.900          2972 
6.905          2977 
6.910          2981 
6.915          2985 
6.920          2990 
6.925          2994 
6.930          2999 
6.935          3004 
6.940          3008 
6.945          3013 
6.950          3017 
6.955          3022 
6.960          3027 
6.965          3031 
6.970          3036 
6.975          3039 
6.980          3043 
6.985          3047 
6.990          3051 
6.995          3055 
7.000          3059 
7.005          3062 
7.010          3064 
7.015          3068 
7.020          3071 
7.025          3074 
7.030          3077 
7.035          3080 
7.040          3082 
7.045          3084 
7.050          3088 
7.055          3091 
7.060          3094 
7.065          3097 
7.070          3100 
7.075          3103 
7.080          3106 
7.085          3109 
7.090          3112 
7.095          3114 
7.100          3117 
7.105          3120 
7.110          3123 
7.115          3126 
7.120          3128 
7.125          3130 
7.130          3133 
7.135          3134 
7.140          3137 
7.145          3139 
7.150          3141 
7.155          3144 
7.160          3147 
7.165          3149 
7.170          3153 
7.175          3157 
7.180          3158 
7.185          3160 
7.190          3162 
7.195          3166 
7.200          3168 
7.205          3171 
7.210          3173 
7.215          3174 
7.220          3176 
7.225          3177 
7.230          3178 
7.235          3179 
7.240          3180 
7.245          3181 
7.250          3182 
7.255          3183 
7.260          3184 
7.265          3187 
7.270          3188 
7.275          3189 
7.280          3190 
7.285          3191 
7.290          3192 
7.295          3193 
7.300          3194 
7.305          3196 
7.310          3196 
7.315          3198 
7.320          3199 
7.325          3200 
7.330          3202 
7.335          3203 
7.340          3203 
7.345          3203 
7.350          3205 
7.355          3206 
7.360          3206 
7.365          3208 
7.370          3210 
7.375          3210 
7.380          3211 
7.385          3212 
7.390          3213 
7.395          3213 
7.400          3213 
7.405          3214 
7.410          3214 
7.415          3216 
7.420          3216 
7.425          3216 
7.430          3216 
7.435          3218 
7.440          3217 
7.445          3218 
7.450          3219 
7.455          3219 
7.460          3219 
7.465          3218 
7.470          3217 
7.475          3218 
7.480          3218 
7.485          3217 
7.490          3216 
7.495          3216 
7.500          3216 
7.505          3216 
7.510          3215 
7.515          3214 
7.520          3212 
7.525          3211 
7.530          3210 
7.535          3210 
7.540          3210 
7.545          3210 
7.550          3209 
7.555          3208 
7.560          3208 
7.565          3207 
7.570          3206 
7.575          3205 
7.580          3205 
7.585          3205 
7.590          3204 
7.595          3203 
7.600          3203 
7.605          3201 
7.610          3201 
7.615          3199 
7.620          3198 
7.625          3195 
7.630          3194 
7.635          3193 
7.640          3192 
7.645          3190 
7.650          3189 
7.655          3186 
7.660          3184 
7.665          3182 
7.670          3181 
7.675          3181 
7.680          3180 
7.685          3178 
7.690          3177 
7.695          3175 
7.700          3174 
7.705          3174 
7.710          3172 
7.715          3171 
7.720          3170 
7.725          3168 
7.730          3168 
7.735          3167 
7.740          3166 
7.745          3164 
7.750          3161 
7.755          3159 
7.760          3158 
7.765          3157 
7.770          3154 
7.775          3152 
7.780          3149 
7.785          3147 
7.790          3145 
7.795          3141 
7.800          3138 
7.805          3135 
7.810          3133 
7.815          3130 
7.820          3128 
7.825          3125 
7.830          3122 
7.835          3118 
7.840          3115 
7.845          3112 
7.850          3110 
7.855          3107 
7.860          3104 
7.865          3102 
7.870          3100 
7.875          3098 
7.880          3095 
7.885          3093 
7.890          3090 
7.895          3087 
7.900          3085 
7.905          3081 
7.910          3079 
7.915          3076 
7.920          3073 
7.925          3071 
7.930          3069 
7.935          3066 
7.940          3062 
7.945          3059 
7.950          3055 
7.955          3052 
7.960          3048 
7.965          3044 
7.970          3040 
7.975          3037 
7.980          3035 
7.985          3031 
7.990          3027 
7.995          3024 
8.000          3020 
8.005          3016 
8.010          3013 
8.015          3008 
8.020          3004 
8.025          3001 
8.030          2997 
8.035          2994 
8.040          2991 
8.045          2987 
8.050          2982 
8.055          2978 
8.060          2975 
8.065          2971 
8.070          2966 
8.075          2962 
8.080          2958 
8.085          2953 
8.090          2949 
8.095          2946 
8.100          2943 
8.105          2938 
8.110          2933 
8.115          2928 
8.120          2924 
8.125          2921 
8.130          2917 
8.135          2912 
8.140          2907 
8.145          2903 
8.150          2898 
8.155          2893 
8.160          2889 
8.165          2884 
8.170          2878 
8.175          2873 
8.180          2869 
8.185          2865 
8.190          2860 
8.195          2856 
8.200          2850 
8.205          2845 
8.210          2840 
8.215          2836 
8.220          2831 
8.225          2826 
8.230          2821 
8.235          2815 
8.240          2810 
8.245          2804 
8.250          2799 
8.255          2794 
8.260          2788 
8.265          2782 
8.270          2775 
8.275          2770 
8.280          2765 
8.285          2759 
8.290          2753 
8.295          2747 
8.300          2740 
8.305          2735 
8.310          2730 
8.315          2724 
8.320          2718 
8.325          2712 
8.330          2705 
8.335          2699 
8.340          2692 
8.345          2687 
8.350          2680 
8.355          2673 
8.360          2668 
8.365          2661 
8.370          2655 
8.375          2650 
8.380          2644 
8.385          2638 
8.390          2632 
8.395          2625 
8.400          2618 
8.405          2610 
8.410          2604 
8.415          2599 
8.420          2591 
8.425          2584 
8.430          2579 
8.435          2572 
8.440          2566 
8.445          2558 
8.450          2551 
8.455          2544 
8.460          2537 
8.465          2531 
8.470          2524 
8.475          2519 
8.480          2512 
8.485          2505 
8.490          2498 
8.495          2493 
8.500          2487 
8.505          2478 
8.510          2472 
8.515          2466 
8.520          2460 
8.525          2453 
8.530          2447 
8.535          2441 
8.540          2434 
8.545          2428 
8.550          2420 
8.555          2415 
8.560          2408 
8.565          2403 
8.570          2396 
8.575          2389 
8.580          2384 
8.585          2378 
8.590          2372 
8.595          2364 
8.600          2357 
8.605          2350 
8.610          2342 
8.615          2337 
8.620          2330 
8.625          2324 
8.630          2317 
8.635          2310 
8.640          2303 
8.645          2296 
8.650          2290 
8.655          2283 
8.660          2274 
8.665          2266 
8.670          2259 
8.675          2253 
8.680          2246 
8.685          2240 
8.690          2232 
8.695          2224 
8.700          2217 
8.705          2210 
8.710          2203 
8.715          2196 
8.720          2188 
8.725          2181 
8.730          2173 
8.735          2167 
8.740          2160 
8.745          2152 
8.750          2145 
8.755          2138 
8.760          2129 
8.765          2122 
8.770          2115 
8.775          2108 
8.780          2100 
8.785          2093 
8.790          2085 
8.795          2078 
8.800          2070 
8.805          2063 
8.810          2055 
8.815          2047 
8.820          2039 
8.825          2032 
8.830          2024 
8.835          2017 
8.840          2009 
8.845          2000 
8.850          1992 
8.855          1984 
8.860          1977 
8.865          1970 
8.870          1962 
8.875          1955 
8.880          1947 
8.885          1940 
8.890          1933 
8.895          1925 
8.900          1917 
8.905          1909 
8.910          1901 
8.915          1893 
8.920          1886 
8.925          1880 
8.930          1872 
8.935          1863 
8.940          1856 
8.945          1849 
8.950          1841 
8.955          1833 
8.960          1826 
8.965          1819 
8.970          1811 
8.975          1803 
8.980          1796 
8.985          1789 
8.990          1781 
8.995          1772 
9.000          1763 
9.005          1755 
9.010          1748 
9.015          1740 
9.020          1732 
9.025          1724 
9.030          1716 
9.035          1708 
9.040          1700 
9.045          1693 
9.050          1684 
9.055          1677 
9.060          1669 
9.065          1662 
9.070          1655 
9.075          1647 
9.080          1639 
9.085          1630 
9.090          1622 
9.095          1614 
9.100          1606 
9.105          1598 
9.110          1591 
9.115          1582 
9.120          1573 
9.125          1566 
9.130          1558 
9.135          1550 
9.140          1542 
9.145          1535 
9.150          1528 
9.155          1520 
9.160          1513 
9.165          1506 
9.170          1498 
9.175          1490 
9.180          1483 
9.185          1474 
9.190          1467 
9.195          1460 
9.200          1453 
9.205          1445 
9.210          1438 
9.215          1430 
9.220          1422 
9.225          1415 
9.230          1408 
9.235          1400 
9.240          1393 
9.245          1385 
9.250          1378 
9.255          1371 
9.260          1365 
9.265          1357 
9.270          1350 
9.275          1343 
9.280          1336 
9.285          1328 
9.290          1321 
9.295          1313 
9.300          1305 
9.305          1297 
9.310          1290 
9.315          1282 
9.320          1274 
9.325          1265 
9.330          1257 
9.335          1249 
9.340          1242 
9.345          1233 
9.350          1225 
9.355          1216 
9.360          1210 
9.365          1202 
9.370          1194 
9.375          1187 
9.380          1178 
9.385          1169 
9.390          1163 
9.395          1156 
9.400          1149 
9.405          1141 
9.410          1133 
9.415          1124 
9.420          1117 
9.425          1109 
9.430          1101 
9.435          1092 
9.440          1083 
9.445          1077 
9.450          1068 
9.455          1062 
9.460          1054 
9.465          1046 
9.470          1038 
9.475          1030 
9.480          1023 
9.485          1015 
9.490          1007 
9.495          999 
9.500          992 
9.505          986 
9.510          980 
9.515          973 
9.520          965 
9.525          959 
9.530          952 
9.535          945 
9.540          938 
9.545          931 
9.550          924 
9.555          917 
9.560          910 
9.565          904 
9.570          897 
9.575          889 
9.580          881 
9.585          874 
9.590          867 
9.595          861 
9.600          854 
9.605          847 
9.610          842 
9.615          835 
9.620          827 
9.625          820 
9.630          813 
9.635          808 
9.640          801 
9.645          795 
9.650          790 
9.655          783 
9.660          778 
9.665          770 
9.670          763 
9.675          758 
9.680          752 
9.685          745 
9.690          738 
9.695          731 
9.700          726 
9.705          721 
9.710          714 
9.715          708 
9.720          702 
9.725          696 
9.730          691 
9.735          685 
9.740          680 
9.745          675 
9.750          668 
9.755          662 
9.760          657 
9.765          652 
9.770          647 
9.775          642 
9.780          635 
9.785          627 
9.790          621 
9.795          616 
9.800          609 
9.805          604 
9.810          599 
9.815          593 
9.820          586 
9.825          581 
9.830          576 
9.835          569 
9.840          564 
9.845          559 
9.850          553 
9.855          549 
9.860          544 
9.865          538 
9.870          533 
9.875          528 
9.880          522 
9.885          517 
9.890          511 
9.895          507 
9.900          503 
9.905          497 
9.910          492 
9.915          487 
9.920          481 
9.925          477 
9.930          471 
9.935          466 
9.940          461 
9.945          456 
9.950          451 
9.955          446 
9.960          441 
9.965          436 
9.970          431 
9.975          426 
9.980          421 
9.985          416 
9.990          411 
9.995          406 
10.000         402 
10.005         397 
10.010         393 
10.015         389 
10.020         386 
10.025         381 
10.030         377 
10.035         372 
10.040         368 
10.045         365 
10.050         361 
10.055         357 
10.060         353 
10.065         348 
10.070         345 
10.075         342 
10.080         337 
10.085         333 
10.090         329 
10.095         325 
10.100         322 
10.105         318 
10.110         315 
10.115         311 
10.120         306 
10.125         303 
10.130         300 
10.135         296 
10.140         293 
10.145         289 
10.150         286 
10.155         283 
10.160         278 
10.165         275 
10.170         271 
10.175         268 
10.180         263 
10.185         259 
10.190         256 
10.195         253 
10.200         249 
10.205         245 
10.210         241 
10.215         238 
10.220         235 
10.225         232 
10.230         229 
10.235         227 
10.240         224 
10.245         221 
10.250         218 
10.255         217 
10.260         214 
10.265         211 
10.270         209 
10.275         204 
10.280         202 
10.285         199 
10.290         196 
10.295         192 
10.300         190 
10.305         187 
10.310         184 
10.315         182 
10.320         180 
10.325         178 
10.330         175 
10.335         173 
10.340         172 
10.345         169 
10.350         167 
10.355         165 
10.360         164 
10.365         162 
10.370         161 
10.375         158 
10.380         156 
10.385         154 
10.390         152 
10.395         150 
10.400         146 
10.405         145 
10.410         142 
10.415         139 
10.420         138 
10.425         135 
10.430         132 
10.435         129 
10.440         128 
10.445         125 
10.450         123 
10.455         121 
10.460         119 
10.465         116 
10.470         114 
10.475         113 
10.480         110 
10.485         109 
10.490         107 
10.495         105 
10.500         105 
10.505         104 
10.510         102 
10.515         99 
10.520         97 
10.525         96 
10.530         95 
10.535         92 
10.540         91 
10.545         90 
10.550         89 
10.555         88 
10.560         85 
10.565         84 
10.570         82 
10.575         81 
10.580         79 
10.585         79 
10.590         78 
10.595         78 
10.600         76 
10.605         74 
10.610         74 
10.615         73 
10.620         71 
10.625         69 
10.630         69 
10.635         67 
10.640         66 
10.645         65 
10.650         65 
10.655         64 
10.660         62 
10.665         61 
10.670         59 
10.675         58 
10.680         57 
10.685         56 
10.690         54 
10.695         53 
10.700         53 
10.705         51 
10.710         51 
10.715         50 
10.720         48 
10.725         47 
10.730         46 
10.735         45 
10.740         44 
10.745         45 
10.750         44 
10.755         44 
10.760         42 
10.765         41 
10.770         41 
10.775         40 
10.780         39 
10.785         39 
10.790         38 
10.795         38 
10.800         37 
10.805         37 
10.810         37 
10.815         37 
10.820         35 
10.825         34 
10.830         34 
10.835         34 
10.840         34 
10.845         33 
10.850         32 
10.855         32 
10.860         32 
10.865         32 
10.870         32 
10.875         32 
10.880         31 
10.885         31 
10.890         30 
10.895         31 
10.900         31 
10.905         30 
10.910         29 
10.915         29 
10.920         29 
10.925         29 
10.930         29 
10.935         28 
10.940         28 
10.945         27 
10.950         26 
10.955         25 
10.960         25 
10.965         26 
10.970         25 
10.975         23 
10.980         23 
10.985         24 
10.990         23 
10.995         22 
11.000         23 
11.005         23 
11.010         22 
11.015         21 
11.020         20 
11.025         21 
11.030         21 
11.035         21 
11.040         20 
11.045         21 
11.050         21 
11.055         21 
11.060         21 
11.065         20 
11.070         21 
11.075         19 
11.080         19 
11.085         20 
11.090         20 
11.095         21 
11.100         21 
11.105         21 
11.110         20 
11.115         20 
11.120         19 
11.125         19 
11.130         20 
11.135         20 
11.140         20 
11.145         19 
11.150         20 
11.155         20 
11.160         20 
11.165         20 
11.170         20 
11.175         21 
11.180         21 
11.185         22 
11.190         22 
11.195         23 
11.200         23 
11.205         23 
11.210         24 
11.215         24 
11.220         24 
11.225         25 
11.230         25 
11.235         25 
11.240         25 
11.245         24 
11.250         23 
11.255         22 
11.260         23 
11.265         23 
11.270         24 
11.275         24 
11.280         25 
11.285         24 
11.290         24 
11.295         24 
11.300         25 
11.305         24 
11.310         25 
11.315         25 
11.320         26 
11.325         27 
11.330         29 
11.335         28 
11.340         28 
11.345         28 
11.350         28 
11.355         27 
11.360         28 
11.365         29 
11.370         29 
11.375         29 
11.380         30 
11.385         30 
11.390         31 
11.395         30 
11.400         31 
11.405         31 
11.410         32 
11.415         34 
11.420         34 
11.425         35 
11.430         36 
11.435         37 
11.440         37 
11.445         39 
11.450         39 
11.455         39 
11.460         40 
11.465         40 
11.470         42 
11.475         43 
11.480         43 
11.485         43 
11.490         43 
11.495         44 
11.500         44 
11.505         45 
11.510         45 
11.515         46 
11.520         47 
11.525         48 
11.530         49 
11.535         50 
11.540         51 
11.545         52 
11.550         52 
11.555         54 
11.560         56 
11.565         57 
11.570         56 
11.575         57 
11.580         57 
11.585         58 
11.590         59 
11.595         59 
11.600         58 
11.605         58 
11.610         60 
11.615         60 
11.620         60 
11.625         60 
11.630         61 
11.635         60 
11.640         60 
11.645         62 
11.650         62 
11.655         64 
11.660         65 
11.665         64 
11.670         66 
11.675         68 
11.680         68 
11.685         68 
11.690         69 
11.695         70 
11.700         70 
11.705         71 
11.710         72 
11.715         72 
11.720         73 
11.725         74 
11.730         73 
11.735         74 
11.740         75 
11.745         75 
11.750         75 
11.755         77 
11.760         78 
11.765         79 
11.770         80 
11.775         82 
11.780         83 
11.785         85 
11.790         86 
11.795         86 
11.800         87 
11.805         89 
11.810         90 
11.815         90 
11.820         92 
11.825         92 
11.830         93 
11.835         93 
11.840         94 
11.845         95 
11.850         96 
11.855         96 
11.860         96 
11.865         96 
11.870         97 
11.875         97 
11.880         98 
11.885         100 
11.890         100 
11.895         100 
11.900         101 
11.905         100 
11.910         101 
11.915         103 
11.920         103 
11.925         104 
11.930         103 
11.935         105 
11.940         106 
11.945         106 
11.950         108 
11.955         108 
11.960         109 
11.965         110 
11.970         112 
11.975         113 
11.980         115 
11.985         115 
11.990         115 
11.995         115 
12.000         116 
12.005         118 
12.010         119 
12.015         119 
12.020         121 
12.025         121 
12.030         122 
12.035         123 
12.040         124 
12.045         123 
12.050         123 
12.055         123 
12.060         124 
12.065         125 
12.070         126 
12.075         127 
12.080         127 
12.085         127 
12.090         128 
12.095         128 
12.100         130 
12.105         130 
12.110         129 
12.115         129 
12.120         131 
12.125         132 
12.130         132 
12.135         132 
12.140         134 
12.145         135 
12.150         136 
12.155         137 
12.160         138 
12.165         139 
12.170         140 
12.175         140 
12.180         141 
12.185         143 
12.190         144 
12.195         144 
12.200         144 
12.205         146 
12.210         148 
12.215         148 
12.220         148 
12.225         148 
12.230         149 
12.235         149 
12.240         148 
12.245         149 
12.250         149 
12.255         149 
12.260         150 
12.265         151 
12.270         152 
12.275         153 
12.280         152 
12.285         152 
12.290         153 
12.295         153 
12.300         153 
12.305         154 
12.310         154 
12.315         156 
12.320         155 
12.325         157 
12.330         156 
12.335         156 
12.340         156 
12.345         156 
12.350         157 
12.355         157 
12.360         157 
12.365         157 
12.370         158 
12.375         159 
12.380         160 
12.385         160 
12.390         161 
12.395         161 
12.400         162 
12.405         163 
12.410         164 
12.415         163 
12.420         164 
12.425         164 
12.430         166 
12.435         166 
12.440         166 
12.445         167 
12.450         166 
12.455         166 
12.460         165 
12.465         164 
12.470         165 
12.475         165 
12.480         166 
12.485         166 
12.490         167 
12.495         168 
12.500         169 
12.505         170 
12.510         170 
12.515         170 
12.520         170 
12.525         171 
12.530         172 
12.535         173 
12.540         174 
12.545         174 
12.550         174 
12.555         174 
12.560         173 
12.565         174 
12.570         174 
12.575         173 
12.580         173 
12.585         173 
12.590         173 
12.595         173 
12.600         174 
12.605         173 
12.610         173 
12.615         173 
12.620         173 
12.625         174 
12.630         174 
12.635         175 
12.640         175 
12.645         174 
12.650         175 
12.655         175 
12.660         176 
12.665         176 
12.670         176 
12.675         176 
12.680         176 
12.685         176 
12.690         176 
12.695         177 
12.700         177 
12.705         176 
12.710         176 
12.715         176 
12.720         177 
12.725         176 
12.730         176 
12.735         176 
12.740         175 
12.745         174 
12.750         174 
12.755         175 
12.760         175 
12.765         174 
12.770         174 
12.775         174 
12.780         174 
12.785         174 
12.790         173 
12.795         172 
12.800         173 
12.805         172 
12.810         171 
12.815         172 
12.820         172 
12.825         171 
12.830         170 
12.835         170 
12.840         170 
12.845         170 
12.850         169 
12.855         168 
12.860         169 
12.865         169 
12.870         169 
12.875         168 
12.880         169 
12.885         168 
12.890         167 
12.895         168 
12.900         169 
12.905         168 
12.910         168 
12.915         168 
12.920         168 
12.925         169 
12.930         170 
12.935         169 
12.940         169 
12.945         168 
12.950         167 
12.955         166 
12.960         166 
12.965         166 
12.970         166 
12.975         165 
12.980         165 
12.985         164 
12.990         164 
12.995         163 
13.000         162 
13.005         161 
13.010         161 
13.015         161 
13.020         160 
13.025         160 
13.030         160 
13.035         160 
13.040         159 
13.045         159 
13.050         157 
13.055         156 
13.060         156 
13.065         155 
13.070         154 
13.075         153 
13.080         153 
13.085         152 
13.090         152 
13.095         151 
13.100         151 
13.105         150 
13.110         150 
13.115         150 
13.120         148 
13.125         148 
13.130         148 
13.135         148 
13.140         148 
13.145         148 
13.150         147 
13.155         145 
13.160         145 
13.165         144 
13.170         144 
13.175         143 
13.180         143 
13.185         141 
13.190         140 
13.195         140 
13.200         139 
13.205         138 
13.210         137 
13.215         137 
13.220         136 
13.225         134 
13.230         135 
13.235         134 
13.240         132 
13.245         132 
13.250         131 
13.255         132 
13.260         131 
13.265         131 
13.270         131 
13.275         131 
13.280         130 
13.285         130 
13.290         130 
13.295         130 
13.300         130 
13.305         129 
13.310         129 
13.315         130 
13.320         128 
13.325         128 
13.330         127 
13.335         127 
13.340         125 
13.345         125 
13.350         124 
13.355         124 
13.360         122 
13.365         121 
13.370         120 
13.375         120 
13.380         119 
13.385         119 
13.390         118 
13.395         117 
13.400         116 
13.405         116 
13.410         115 
13.415         115 
13.420         114 
13.425         114 
13.430         113 
13.435         112 
13.440         112 
13.445         111 
13.450         109 
13.455         108 
13.460         107 
13.465         105 
13.470         104 
13.475         104 
13.480         103 
13.485         101 
13.490         101 
13.495         100 
13.500         99 
13.505         98 
13.510         97 
13.515         96 
13.520         96 
13.525         95 
13.530         94 
13.535         93 
13.540         93 
13.545         94 
13.550         92 
13.555         92 
13.560         92 
13.565         91 
13.570         90 
13.575         89 
13.580         89 
13.585         89 
13.590         87 
13.595         87 
13.600         87 
13.605         87 
13.610         87 
13.615         86 
13.620         85 
13.625         84 
13.630         84 
13.635         82 
13.640         80 
13.645         80 
13.650         80 
13.655         80 
13.660         79 
13.665         78 
13.670         76 
13.675         75 
13.680         73 
13.685         73 
13.690         72 
13.695         72 
13.700         70 
13.705         69 
13.710         68 
13.715         68 
13.720         69 
13.725         68 
13.730         67 
13.735         66 
13.740         66 
13.745         66 
13.750         67 
13.755         67 
13.760         66 
13.765         65 
13.770         64 
13.775         63 
13.780         62 
13.785         63 
13.790         61 
13.795         60 
13.800         59 
13.805         58 
13.810         58 
13.815         56 
13.820         55 
13.825         53 
13.830         53 
13.835         52 
13.840         50 
13.845         49 
13.850         49 
13.855         49 
13.860         48 
13.865         48 
13.870         47 
13.875         46 
13.880         45 
13.885         44 
13.890         45 
13.895         44 
13.900         44 
13.905         43 
13.910         43 
13.915         42 
13.920         43 
13.925         43 
13.930         42 
13.935         42 
13.940         41 
13.945         40 
13.950         39 
13.955         39 
13.960         40 
13.965         39 
13.970         38 
13.975         38 
13.980         37 
13.985         38 
13.990         37 
13.995         36 
14.000         35 
14.005         35 
14.010         35 
14.015         34 
14.020         34 
14.025         34 
14.030         33 
14.035         31 
14.040         32 
14.045         32 
14.050         32 
14.055         31 
14.060         29 
14.065         30 
14.070         30 
14.075         30 
14.080         29 
14.085         29 
14.090         29 
14.095         29 
14.100         28 
14.105         28 
14.110         29 
14.115         29 
14.120         28 
14.125         27 
14.130         27 
14.135         27 
14.140         26 
14.145         25 
14.150         25 
14.155         24 
14.160         23 
14.165         23 
14.170         23 
14.175         23 
14.180         23 
14.185         22 
14.190         21 
14.195         21 
14.200         21 
14.205         21 
14.210         21 
14.215         20 
14.220         20 
14.225         19 
14.230         19 
14.235         18 
14.240         18 
14.245         17 
14.250         16 
14.255         15 
14.260         15 
14.265         15 
14.270         15 
14.275         14 
14.280         13 
14.285         12 
14.290         13 
14.295         12 
14.300         12 
14.305         12 
14.310         13 
14.315         12 
14.320         11 
14.325         12 
14.330         11 
14.335         12 
14.340         10 
14.345         10 
14.350         10 
14.355         11 
14.360         10 
14.365         9 
14.370         10 
14.375         11 
14.380         11 
14.385         11 
14.390         12 
14.395         12 
14.400         12 
14.405         13 
14.410         12 
14.415         13 
14.420         13 
14.425         13 
14.430         13 
14.435         13 
14.440         13 
14.445         12 
14.450         11 
14.455         11 
14.460         11 
14.465         11 
14.470         11 
14.475         11 
14.480         11 
14.485         12 
14.490         12 
14.495         11 
14.500         11 
14.505         11 
14.510         11 
14.515         11 
14.520         12 
14.525         12 
14.530         12 
14.535         11 
14.540         12 
14.545         13 
14.550         13 
14.555         12 
14.560         12 
14.565         12 
14.570         13 
14.575         13 
14.580         14 
14.585         14 
14.590         15 
14.595         15 
14.600         15 
14.605         16 
14.610         16 
14.615         16 
14.620         15 
14.625         13 
14.630         15 
14.635         14 
14.640         14 
14.645         14 
14.650         14 
14.655         14 
14.660         14 
14.665         14 
14.670         13 
14.675         13 
14.680         12 
14.685         12 
14.690         11 
14.695         12 
14.700         13 
14.705         12 
14.710         13 
14.715         12 
14.720         12 
14.725         12 
14.730         12 
14.735         12 
14.740         11 
14.745         13 
14.750         14 
14.755         13 
14.760         13 
14.765         14 
14.770         14 
14.775         14 
14.780         14 
14.785         14 
14.790         14 
14.795         14 
14.800         16 
14.805         16 
14.810         16 
14.815         17 
14.820         17 
14.825         17 
14.830         19 
14.835         19 
14.840         19 
14.845         19 
14.850         19 
14.855         19 
14.860         19 
14.865         19 
14.870         19 
14.875         19 
14.880         20 
14.885         19 
14.890         19 
14.895         20 
14.900         19 
14.905         19 
14.910         20 
14.915         21 
14.920         21 
14.925         22 
14.930         22 
14.935         23 
14.940         23 
14.945         24 
14.950         24 
14.955         23 
14.960         24 
14.965         24 
14.970         24 
14.975         25 
14.980         25 
14.985         24 
14.990         24 
14.995         24 
15.000         24 
15.005         25 
15.010         26 
15.015         27 
15.020         27 
15.025         27 
15.030         27 
15.035         28 
15.040         28 
15.045         29 
15.050         29 
15.055         30 
15.060         29 
15.065         30 
15.070         32 
15.075         33 
15.080         33 
15.085         34 
15.090         34 
15.095         34 
15.100         33 
15.105         34 
15.110         33 
15.115         34 
15.120         33 
15.125         34 
15.130         33 
15.135         34 
15.140         34 
15.145         34 
15.150         33 
15.155         33 
15.160         32 
15.165         32 
15.170         33 
15.175         33 
15.180         32 
15.185         33 
15.190         33 
15.195         33 
15.200         33 
15.205         33 
15.210         34 
15.215         34 
15.220         35 
15.225         35 
15.230         36 
15.235         36 
15.240         36 
15.245         37 
15.250         38 
15.255         38 
15.260         39 
15.265         39 
15.270         39 
15.275         40 
15.280         40 
15.285         40 
15.290         40 
15.295         41 
15.300         41 
15.305         41 
15.310         41 
15.315         41 
15.320         40 
15.325         39 
15.330         41 
15.335         41 
15.340         41 
15.345         41 
15.350         41 
15.355         41 
15.360         42 
15.365         43 
15.370         43 
15.375         42 
15.380         43 
15.385         44 
15.390         45 
15.395         45 
15.400         45 
15.405         45 
15.410         45 
15.415         45 
15.420         44 
15.425         44 
15.430         44 
15.435         44 
15.440         44 
15.445         43 
15.450         44 
15.455         45 
15.460         45 
15.465         45 
15.470         46 
15.475         46 
15.480         46 
15.485         46 
15.490         47 
15.495         49 
15.500         50 
15.505         49 
15.510         50 
15.515         50 
15.520         51 
15.525         52 
15.530         52 
15.535         52 
15.540         52 
15.545         53 
15.550         54 
15.555         53 
15.560         54 
15.565         54 
15.570         54 
15.575         55 
15.580         56 
15.585         57 
15.590         56 
15.595         56 
15.600         56 
15.605         57 
15.610         57 
15.615         57 
15.620         57 
15.625         57 
15.630         57 
15.635         58 
15.640         57 
15.645         57 
15.650         57 
15.655         57 
15.660         57 
15.665         58 
15.670         58 
15.675         58 
15.680         57 
15.685         57 
15.690         56 
15.695         57 
15.700         58 
15.705         59 
15.710         58 
15.715         59 
15.720         58 
15.725         58 
15.730         58 
15.735         59 
15.740         58 
15.745         59 
15.750         58 
15.755         58 
15.760         59 
15.765         60 
15.770         59 
15.775         59 
15.780         59 
15.785         59 
15.790         58 
15.795         59 
15.800         60 
15.805         60 
15.810         60 
15.815         60 
15.820         60 
15.825         60 
15.830         61 
15.835         60 
15.840         61 
15.845         60 
15.850         60 
15.855         60 
15.860         61 
15.865         61 
15.870         62 
15.875         61 
15.880         61 
15.885         62 
15.890         62 
15.895         63 
15.900         64 
15.905         63 
15.910         63 
15.915         63 
15.920         64 
15.925         63 
15.930         63 
15.935         64 
15.940         64 
15.945         63 
15.950         64 
15.955         64 
15.960         64 
15.965         63 
15.970         63 
15.975         62 
15.980         62 
15.985         62 
15.990         63 
15.995         62 
16.000         63 
16.005         63 
16.010         62 
16.015         62 
16.020         63 
16.025         61 
16.030         62 
16.035         61 
16.040         62 
16.045         62 
16.050         62 
16.055         62 
16.060         63 
16.065         63 
16.070         64 
16.075         65 
16.080         64 
16.085         64 
16.090         65 
16.095         64 
16.100         65 
16.105         65 
16.110         65 
16.115         65 
16.120         65 
16.125         66 
16.130         65 
16.135         65 
16.140         65 
16.145         65 
16.150         64 
16.155         65 
16.160         66 
16.165         65 
16.170         66 
16.175         66 
16.180         66 
16.185         65 
16.190         66 
16.195         66 
16.200         66 
16.205         67 
16.210         66 
16.215         66 
16.220         64 
16.225         64 
16.230         63 
16.235         64 
16.240         63 
16.245         63 
16.250         63 
16.255         62 
16.260         61 
16.265         61 
16.270         61 
16.275         61 
16.280         59 
16.285         60 
16.290         60 
16.295         61 
16.300         61 
16.305         62 
16.310         61 
16.315         61 
16.320         62 
16.325         62 
16.330         63 
16.335         63 
16.340         62 
16.345         62 
16.350         62 
16.355         62 
16.360         62 
16.365         62 
16.370         62 
16.375         61 
16.380         61 
16.385         60 
16.390         61 
16.395         60 
16.400         60 
16.405         60 
16.410         60 
16.415         60 
16.420         59 
16.425         59 
16.430         59 
16.435         58 
16.440         58 
16.445         58 
16.450         59 
16.455         59 
16.460         60 
16.465         59 
16.470         59 
16.475         59 
16.480         58 
16.485         58 
16.490         58 
16.495         58 
16.500         60 
16.505         59 
16.510         59 
16.515         59 
16.520         60 
16.525         60 
16.530         59 
16.535         59 
16.540         59 
16.545         58 
16.550         58 
16.555         59 
16.560         58 
16.565         59 
16.570         58 
16.575         58 
16.580         57 
16.585         57 
16.590         56 
16.595         55 
16.600         56 
16.605         55 
16.610         55 
16.615         56 
16.620         56 
16.625         55 
16.630         55 
16.635         56 
16.640         56 
16.645         56 
16.650         55 
16.655         56 
16.660         56 
16.665         56 
16.670         56 
16.675         56 
16.680         54 
16.685         54 
16.690         53 
16.695         53 
16.700         53 
16.705         54 
16.710         54 
16.715         53 
16.720         52 
16.725         52 
16.730         52 
16.735         52 
16.740         52 
16.745         52 
16.750         52 
16.755         53 
16.760         52 
16.765         51 
16.770         52 
16.775         52 
16.780         51 
16.785         50 
16.790         52 
16.795         52 
16.800         52 
16.805         52 
16.810         52 
16.815         50 
16.820         50 
16.825         50 
16.830         49 
16.835         50 
16.840         51 
16.845         51 
16.850         49 
16.855         50 
16.860         50 
16.865         49 
16.870         49 
16.875         49 
16.880         48 
16.885         48 
16.890         48 
16.895         48 
16.900         48 
16.905         48 
16.910         47 
16.915         46 
16.920         46 
16.925         45 
16.930         45 
16.935         44 
16.940         43 
16.945         43 
16.950         41 
16.955         42 
16.960         41 
16.965         41 
16.970         41 
16.975         41 
16.980         40 
16.985         40 
16.990         40 
16.995         40 
17.000         41 
17.005         42 
17.010         42 
17.015         42 
17.020         42 
17.025         42 
17.030         42 
17.035         42 
17.040         41 
17.045         41 
17.050         42 
17.055         43 
17.060         43 
17.065         42 
17.070         41 
17.075         40 
17.080         39 
17.085         38 
17.090         37 
17.095         37 
17.100         36 
17.105         36 
17.110         36 
17.115         37 
17.120         36 
17.125         36 
17.130         34 
17.135         35 
17.140         35 
17.145         35 
17.150         35 
17.155         35 
17.160         35 
17.165         35 
17.170         35 
17.175         35 
17.180         36 
17.185         35 
17.190         34 
17.195         35 
17.200         34 
17.205         33 
17.210         33 
17.215         33 
17.220         33 
17.225         34 
17.230         33 
17.235         33 
17.240         34 
17.245         34 
17.250         34 
17.255         33 
17.260         34 
17.265         34 
17.270         33 
17.275         33 
17.280         33 
17.285         33 
17.290         32 
17.295         32 
17.300         32 
17.305         33 
17.310         33 
17.315         33 
17.320         33 
17.325         33 
17.330         33 
17.335         32 
17.340         32 
17.345         32 
17.350         32 
17.355         32 
17.360         31 
17.365         31 
17.370         31 
17.375         30 
17.380         30 
17.385         29 
17.390         29 
17.395         28 
17.400         28 
17.405         28 
17.410         28 
17.415         27 
17.420         28 
17.425         26 
17.430         27 
17.435         26 
17.440         27 
17.445         26 
17.450         27 
17.455         26 
17.460         28 
17.465         26 
17.470         27 
17.475         27 
17.480         26 
17.485         25 
17.490         25 
17.495         24 
17.500         24 
17.505         23 
17.510         24 
17.515         23 
17.520         23 
17.525         23 
17.530         22 
17.535         22 
17.540         22 
17.545         21 
17.550         21 
17.555         20 
17.560         19 
17.565         20 
17.570         19 
17.575         19 
17.580         20 
17.585         20 
17.590         19 
17.595         19 
17.600         19 
17.605         18 
17.610         17 
17.615         17 
17.620         17 
17.625         16 
17.630         16 
17.635         18 
17.640         18 
17.645         17 
17.650         17 
17.655         17 
17.660         16 
17.665         17 
17.670         17 
17.675         17 
17.680         16 
17.685         16 
17.690         15 
17.695         15 
17.700         16 
17.705         15 
17.710         14 
17.715         13 
17.720         14 
17.725         14 
17.730         14 
17.735         14 
17.740         13 
17.745         13 
17.750         14 
17.755         14 
17.760         15 
17.765         15 
17.770         16 
17.775         15 
17.780         15 
17.785         15 
17.790         15 
17.795         15 
17.800         14 
17.805         15 
17.810         14 
17.815         14 
17.820         14 
17.825         14 
17.830         13 
17.835         13 
17.840         12 
17.845         11 
17.850         12 
17.855         12 
17.860         12 
17.865         12 
17.870         12 
17.875         12 
17.880         12 
17.885         12 
17.890         12 
17.895         12 
17.900         11 
17.905         11 
17.910         12 
17.915         13 
17.920         13 
17.925         13 
17.930         13 
17.935         14 
17.940         14 
17.945         13 
17.950         13 
17.955         13 
17.960         13 
17.965         13 
17.970         13 
17.975         13 
17.980         13 
17.985         13 
17.990         12 
17.995         12 
18.000         12 
18.005         12 
18.010         12 
18.015         12 
18.020         12 
18.025         12 
18.030         12 
18.035         11 
18.040         11 
18.045         12 
18.050         12 
18.055         12 
18.060         11 
18.065         11 
18.070         11 
18.075         11 
18.080         11 
18.085         10 
18.090         11 
18.095         11 
18.100         11 
18.105         11 
18.110         11 
18.115         11 
18.120         11 
18.125         9 
18.130         9 
18.135         9 
18.140         9 
18.145         9 
18.150         8 
18.155         8 
18.160         9 
18.165         9 
18.170         9 
18.175         9 
18.180         10 
18.185         10 
18.190         11 
18.195         10 
18.200         11 
18.205         12 
18.210         11 
18.215         13 
18.220         12 
18.225         12 
18.230         12 
18.235         12 
18.240         12 
18.245         12 
18.250         11 
18.255         11 
18.260         10 
18.265         9 
18.270         9 
18.275         9 
18.280         9 
18.285         10 
18.290         10 
18.295         10 
18.300         10 
18.305         9 
18.310         9 
18.315         8 
18.320         8 
18.325         9 
18.330         9 
18.335         10 
18.340         10 
18.345         11 
18.350         10 
18.355         10 
18.360         10 
18.365         10 
18.370         9 
18.375         9 
18.380         10 
18.385         10 
18.390         11 
18.395         12 
18.400         12 
18.405         12 
18.410         11 
18.415         11 
18.420         11 
18.425         10 
18.430         10 
18.435         11 
18.440         11 
18.445         12 
18.450         13 
18.455         13 
18.460         14 
18.465         13 
18.470         12 
18.475         12 
18.480         12 
18.485         12 
18.490         13 
18.495         12 
18.500         13 
18.505         12 
18.510         11 
18.515         11 
18.520         11 
18.525         10 
18.530         9 
18.535         9 
18.540         9 
18.545         9 
18.550         9 
18.555         10 
18.560         9 
18.565         9 
18.570         10 
18.575         9 
18.580         9 
18.585         9 
18.590         9 
18.595         8 
18.600         9 
18.605         10 
18.610         10 
18.615         10 
18.620         11 
18.625         12 
18.630         11 
18.635         11 
18.640         11 
18.645         11 
18.650         12 
18.655         13 
18.660         13 
18.665         14 
18.670         14 
18.675         14 
18.680         14 
18.685         14 
18.690         14 
18.695         13 
18.700         12 
18.705         12 
18.710         12 
18.715         12 
18.720         14 
18.725         13 
18.730         12 
18.735         12 
18.740         12 
18.745         13 
18.750         13 
18.755         13 
18.760         13 
18.765         13 
18.770         12 
18.775         13 
18.780         13 
18.785         14 
18.790         13 
18.795         13 
18.800         14 
18.805         15 
18.810         15 
18.815         15 
18.820         15 
18.825         15 
18.830         15 
18.835         16 
18.840         17 
18.845         17 
18.850         18 
18.855         18 
18.860         17 
18.865         18 
18.870         17 
18.875         16 
18.880         17 
18.885         17 
18.890         18 
18.895         18 
18.900         18 
18.905         18 
18.910         17 
18.915         17 
18.920         18 
18.925         17 
18.930         17 
18.935         18 
18.940         17 
18.945         18 
18.950         18 
18.955         17 
18.960         17 
18.965         17 
18.970         17 
18.975         17 
18.980         17 
18.985         18 
18.990         17 
18.995         18 
19.000         18 
19.005         18 
19.010         18 
19.015         20 
19.020         20 
19.025         22 
19.030         21 
19.035         21 
19.040         21 
19.045         22 
19.050         22 
19.055         23 
19.060         23 
19.065         24 
19.070         23 
19.075         24 
19.080         25 
19.085         25 
19.090         25 
19.095         24 
19.100         24 
19.105         24 
19.110         24 
19.115         26 
19.120         25 
19.125         25 
19.130         24 
19.135         24 
19.140         25 
19.145         26 
19.150         25 
19.155         24 
19.160         25 
19.165         24 
19.170         23 
19.175         23 
19.180         23 
19.185         23 
19.190         23 
19.195         24 
19.200         24 
19.205         25 
19.210         25 
19.215         25 
19.220         24 
19.225         24 
19.230         24 
19.235         23 
19.240         23 
19.245         25 
19.250         25 
19.255         27 
19.260         26 
19.265         26 
19.270         26 
19.275         27 
19.280         27 
19.285         26 
19.290         25 
19.295         25 
19.300         26 
19.305         27 
19.310         28 
19.315         28 
19.320         27 
19.325         28 
19.330         27 
19.335         27 
19.340         27 
19.345         26 
19.350         25 
19.355         26 
19.360         27 
19.365         29 
19.370         29 
19.375         30 
19.380         29 
19.385         29 
19.390         29 
19.395         30 
19.400         30 
19.405         31 
19.410         31 
19.415         31 
19.420         31 
19.425         31 
19.430         30 
19.435         29 
19.440         29 
19.445         30 
19.450         29 
19.455         29 
19.460         29 
19.465         30 
19.470         29 
19.475         30 
19.480         29 
19.485         30 
19.490         30 
19.495         32 
19.500         32 
19.505         33 
19.510         34 
19.515         33 
19.520         33 
19.525         32 
19.530         32 
19.535         32 
19.540         32 
19.545         33 
19.550         32 
19.555         32 
19.560         32 
19.565         31 
19.570         31 
19.575         30 
19.580         31 
19.585         30 
19.590         31 
19.595         30 
19.600         31 
19.605         31 
19.610         30 
19.615         31 
19.620         30 
19.625         31 
19.630         31 
19.635         31 
19.640         30 
19.645         30 
19.650         30 
19.655         30 
19.660         31 
19.665         30 
19.670         31 
19.675         31 
19.680         31 
19.685         31 
19.690         30 
19.695         30 
19.700         29 
19.705         29 
19.710         29 
19.715         28 
19.720         28 
19.725         29 
19.730         29 
19.735         29 
19.740         29 
19.745         29 
19.750         29 
19.755         29 
19.760         31 
19.765         31 
19.770         30 
19.775         30 
19.780         30 
19.785         30 
19.790         31 
19.795         31 
19.800         31 
19.805         31 
19.810         30 
19.815         31 
19.820         31 
19.825         31 
19.830         30 
19.835         30 
19.840         31 
19.845         31 
19.850         31 
19.855         32 
19.860         32 
19.865         31 
19.870         31 
19.875         31 
19.880         31 
19.885         32 
19.890         31 
19.895         31 
19.900         32 
19.905         33 
19.910         32 
19.915         32 
19.920         32 
19.925         33 
19.930         32 
19.935         32 
19.940         33 
19.945         34 
19.950         33 
19.955         42 
19.960         31 
19.965         22 
19.970         39 
19.975         42 
19.980         21 
19.985         33 
19.990        -1 
19.995        -1 
